15.1325
7.5438
32.24102
17.64525
23.64058
11.59658
6.727909
25.60119
11.17315
19.71249
4.287171
10.28701
22.57995
17.89677
4.088738
17.50432
5.811386
22.28535
10.28087
18.00299
14.87587
7.714976
33.79552
25.32986
12.10852
8.479884
9.408046
36.07589
8.221318
18.47821
17.74769
10.66784
10.32269
10.90345
22.29069
20.14935
11.29699
28.29883
23.44415
20.75318
10.57952
23.57327
28.12351
10.62558
13.18051
7.823018
16.49179
11.12459
29.34024
12.43512
12.10986
9.147516
39.80154
19.98481
6.755669
18.60492
1.725192
20.85059
11.35662
7.649348
9.126321
12.16994
14.37964
22.13088
16.93753
21.30448
17.4415
29.61111
8.585958
8.502271
9.845419
7.045547
23.69654
10.01974
7.424656
33.95244
11.34746
8.541326
10.44517
10.38001
12.2134
15.31174
24.54393
6.884554
5.019897
11.83598
6.628587
13.61253
8.97675
8.75612
19.34508
7.254419
7.809063
18.62526
3.856488
9.626747
15.75143
21.60911
11.09952
8.001667
23.22773
8.541413
14.2633
20.25454
8.19951
28.67803
4.140776
27.98943
9.383542
11.818
12.52408
19.9921
24.92759
13.08881
5.081454
19.98975
4.849068
8.84612
6.182835
5.006199
7.277369
17.06224
8.097866
12.75824
31.72023
12.44174
11.5118
13.50264
9.411993
17.10736
4.317011
20.49024
4.293407
4.495883
36.72326
6.150411
7.614659
15.05252
13.587
12.13486
10.20033
21.71623
14.36923
4.825563
21.26112
23.51701
23.00783
26.63889
21.3487
29.08294
9.347477
36.26443
29.75737
11.66823
8.19951
22.70436
15.72217
12.24908
6.826576
5.761873
8.584025
19.06445
26.66471
10.89031
22.52213
19.39178
11.1482
13.20018
3.473149
8.667455
19.97796
32.89425
8.212422
6.670201
12.13488
13.75773
7.699349
18.21333
10.82037
10.96548
16.6037
12.81311
23.595
25.74262
10.9311
12.49132
15.57556
4.931666
21.57586
8.254751
32.3629
11.2076
21.61225
7.830536
34.24926
15.35155
22.77192
32.64576
12.0128
5.88487
30.03433
30.20793
12.43163
25.04233
13.20301
26.4378
33.26521
22.63221
19.91718
23.64267
25.89396
17.32795
16.48088
20.99165
9.993996
9.411993
31.31175
12.8904
33.55062
14.15115
14.10773
17.32343
14.95901
20.31792
11.7319
10.11562
17.76371
15.15608
16.66541
6.643933
21.42563
19.13673
13.98099
14.36263
23.27563
22.30348
18.46908
11.97936
11.68206
10.59695
21.22343
11.09691
19.9334
23.84705
8.005845
23.46156
22.55109
21.39026
11.49981
10.17145
5.508921
8.922645
10.97203
16.62868
24.68634
21.73878
16.82851
21.71842
34.66265
4.616123
27.92119
9.399997
18.68778
11.70804
19.96322
23.08233
31.32885
20.89495
9.639
30.16781
12.93466
10.83992
13.36187
6.29206
10.24441
9.803131
13.38763
14.43847
14.21389
24.45289
11.40645
7.758985
13.13029
15.49818
14.83717
16.99017
8.19536
10.41936
16.89868
6.671071
20.49744
21.15434
8.500937
15.5446
3.883044
4.307014
3.61863
20.59837
8.07923
10.28228
22.69174
17.26813
7.793068
10.95742
1.051273
9.582702
12.6491
13.06604
11.96474
9.521546
7.453299
10.20064
14.83968
9.073976
12.66099
25.16959
7.829694
22.44827
11.1259
14.38129
27.39061
16.21713
25.11933
28.46446
18.33654
21.79101
12.35262
19.83759
6.30782
10.57349
10.80638
6.045626
10.88611
5.19155
10.30315
4.929644
25.35431
8.205291
6.238273
11.51908
22.01318
16.34071
4.734646
12.43545
9.109438
25.05362
7.089898
8.356372
15.86426
9.992541
34.15759
22.54091
17.57237
23.41808
22.17196
15.72741
11.30886
31.59835
12.03832
29.60816
22.41058
13.28037
21.33809
30.266
12.53726
10.70747
6.032274
9.028123
8.837846
5.301527
22.81041
10.08437
11.94103
8.139681
5.946383
15.40526
14.29022
14.30977
7.057904
20.82934
20.09041
17.28922
7.965487
23.88705
26.51659
21.47359
8.998375
8.619045
23.90447
11.80863
10.42037
14.75021
7.127637
9.808686
34.16284
19.58022
11.30411
20.15647
22.96571
36.12558
22.22792
16.16177
20.90145
14.55132
23.45073
7.946884
13.06372
12.79099
11.83164
11.00169
16.28633
17.33161
7.624775
5.097841
20.45148
5.337394
32.70539
19.30796
26.93016
29.02032
19.02457
24.56109
22.31711
10.95521
5.54649
20.56473
30.67836
29.58468
5.367441
13.5991
19.71654
23.46137
20.25566
12.23137
17.51092
29.00747
8.422595
5.171335
20.02514
28.60465
8.584203
20.64286
18.75393
21.0377
21.51805
7.447821
19.74338
14.87048
10.62784
3.083846
32.1982
14.52608
3.009529
3.135112
18.81703
23.82091
7.029982
14.04428
6.829697
20.38442
13.79864
28.27313
15.1796
23.45883
11.2386
9.999196
3.992957
10.91402
16.20364
16.21349
21.87369
28.94766
8.792421
13.47068
8.799876
20.88612
21.42769
24.41053
22.91131
5.586957
20.7956
16.64373
22.04898
30.18892
8.888558
6.35865
12.6723
31.87506
7.917408
18.60059
6.738102
36.50165
13.30939
32.35305
25.10907
15.7878
11.82464
14.08164
3.059517
18.20491
8.984557
10.46741
8.202673
10.2822
13.06865
22.74854
20.03441
4.33729
4.760047
3.045341
29.09307
8.976005
7.113774
10.61794
23.14707
17.42834
31.72448
32.20115
11.19827
15.70125
5.493173
19.76917
20.78067
19.26633
23.63327
31.53488
7.12503
31.01076
28.10997
22.34738
9.593855
9.870326
8.714646
25.96633
11.80157
13.3146
13.17109
8.154857
20.67068
32.25141
10.86302
22.67407
21.14282
9.260285
24.41053
19.54049
31.22088
15.34302
7.11843
22.27704
25.52532
10.11081
5.255356
24.73203
32.11424
12.02236
27.68298
11.45093
10.82262
24.53393
7.294352
8.956264
11.08263
6.734921
25.32866
7.701329
10.14688
20.77442
21.1421
14.52589
24.07646
16.30232
7.940422
22.58907
12.17136
24.54273
27.22719
17.40778
10.67237
9.808127
12.23335
18.77836
24.43762
23.11161
20.77656
16.29753
14.67552
20.5379
10.64367
13.83432
18.3209
21.00873
22.35532
11.40546
26.52863
16.66811
21.13646
19.45801
7.552058
14.92114
24.46869
30.24578
14.7596
7.986012
7.716343
13.87335
27.06722
7.042301
12.78207
11.09802
17.7322
10.45159
7.847131
10.73594
9.212135
25.68189
8.800248
3.206334
20.02287
9.395128
8.76866
10.88459
11.69544
6.562236
5.78995
5.849413
23.06917
17.67688
24.67966
8.277907
3.542337
11.01338
16.82384
12.47166
11.22914
7.305871
12.42312
12.9881
12.19001
14.12744
8.568013
6.712704
10.66784
5.779044
28.52939
19.89443
11.79439
20.57553
32.07815
14.11859
1.904293
20.6363
5.535604
5.623657
9.002895
7.789828
13.22506
19.41409
36.12622
17.83173
26.82308
7.992522
18.21178
13.44438
30.47643
21.3901
25.2766
12.85889
22.95394
21.52348
10.40832
5.051021
19.04429
6.437367
36.17233
12.25092
19.06445
19.48511
11.00027
13.41551
5.658887
14.03641
6.187617
21.7429
13.05145
20.43944
13.50256
17.81801
17.28082
38.23051
22.67958
13.29139
17.22243
11.5043
9.143077
31.79115
24.58309
14.23916
13.34492
6.745958
30.24765
12.91868
37.4891
12.2914
12.09581
14.6411
20.83181
11.30686
11.19716
14.87876
9.154587
8.504949
17.56827
31.53672
8.30412
22.16908
8.739462
21.70741
12.20824
6.882888
18.61166
16.85485
17.95843
33.15462
20.25117
5.902792
9.060484
11.97936
14.15997
6.768521
20.14469
29.91885
6.336459
9.989696
9.686548
18.77836
13.63504
14.83637
20.24926
4.713679
8.893926
9.830913
15.32905
6.194414
24.0505
6.058837
20.97303
9.357457
13.84726
13.40247
17.84765
8.748573
34.18589
14.60472
11.53923
9.036205
34.88225
18.62545
5.069321
7.84964
13.29435
15.34952
12.27218
23.33198
10.38763
10.67195
13.80661
12.03048
5.914377
11.63381
26.52113
14.68792
7.259248
27.59582
9.96801
19.02189
28.05286
15.88559
24.08616
8.475217
23.04773
13.8642
22.7863
27.95922
15.17172
21.3641
36.36572
7.180042
12.28121
31.3663
25.02418
22.29672
22.11974
23.56909
6.490505
9.453573
21.81028
11.00233
5.866712
14.67632
12.93623
8.263964
17.99147
9.526194
23.35301
24.43975
27.36852
13.82792
39.64304
9.202686
24.58167
7.528502
8.112434
23.12639
15.65128
9.823384
11.15644
12.89449
20.15556
11.53259
31.47854
18.25058
14.89878
12.9972
22.62269
8.560681
25.37885
3.928381
9.002842
17.10382
22.77616
13.54082
7.916466
35.7011
6.544664
23.6558
7.29183
14.69115
15.66118
27.96523
16.59785
18.34169
26.89704
17.14066
16.76685
17.47025
19.96893
23.24006
11.02793
8.323739
23.56194
12.06714
8.780257
18.81135
8.241738
14.83362
6.487584
23.56065
12.52388
9.501605
14.64583
9.807304
7.498929
25.79222
10.6246
7.212307
4.183989
7.174408
16.87902
11.2963
13.58398
20.55794
27.55755
20.79536
11.7649
14.68091
2.548937
8.271375
24.0665
8.61506
5.303471
12.73331
23.6255
16.0716
9.190643
38.1616
14.70887
17.84046
9.324233
18.13602
10.692
10.06585
5.651766
9.837955
9.047949
13.5618
23.39635
14.77064
21.42655
7.468246
31.08756
9.908278
7.804662
19.18981
22.41912
10.5175
12.05505
19.25777
0.1408537
23.50968
7.899579
12.44174
24.72997
35.73218
22.5745
8.056918
20.70175
12.25158
9.726814
12.12309
20.56074
16.49575
22.79989
8.71032
10.86795
23.63387
28.59437
17.00386
26.85265
13.58305
27.32563
20.6492
11.61283
12.84245
7.768686
27.78773
21.20836
7.470325
33.10761
6.166626
10.40537
16.38443
16.11951
3.029945
14.63094
5.964137
12.95616
7.068407
35.70639
7.363549
11.38803
12.26492
14.05175
37.38205
11.29632
20.50526
11.7372
18.52437
15.79246
30.27829
10.24364
6.873346
17.84308
11.96226
20.39533
8.610496
4.164859
11.85226
22.68374
11.18914
7.777841
14.26396
23.98513
9.918414
5.209027
10.05122
8.570114
7.646296
19.37855
9.969206
23.16932
19.39209
17.66979
15.3
4.440466
11.18291
16.36596
15.57434
23.20535
9.764774
8.233427
24.44695
19.18288
23.02707
5.582815
11.17924
5.330171
12.74552
14.42037
7.901994
